evaluations raw_y
1 22.0000000000
2 26.0000000000
6 28.0000000000
8 30.0000000000
981 32.0000000000
3507 34.0000000000
3590 36.0000000000
5002 32.0000000000
evaluations raw_y
1 28.0000000000
3 32.0000000000
25 34.0000000000
30 36.0000000000
5002 32.0000000000
evaluations raw_y
1 24.0000000000
2 28.0000000000
10 34.0000000000
2116 36.0000000000
4759 38.0000000000
5002 30.0000000000
evaluations raw_y
1 22.0000000000
5 24.0000000000
8 26.0000000000
9 34.0000000000
5002 28.0000000000
evaluations raw_y
1 14.0000000000
2 28.0000000000
4 30.0000000000
5002 26.0000000000
evaluations raw_y
1 26.0000000000
6 28.0000000000
5002 26.0000000000
evaluations raw_y
1 26.0000000000
3 28.0000000000
1273 30.0000000000
5002 24.0000000000
evaluations raw_y
1 18.0000000000
2 24.0000000000
4 28.0000000000
9 30.0000000000
5002 16.0000000000
evaluations raw_y
1 32.0000000000
3 34.0000000000
5002 30.0000000000
evaluations raw_y
1 24.0000000000
4 28.0000000000
13 30.0000000000
24 32.0000000000
34 34.0000000000
5002 18.0000000000
evaluations raw_y
1 24.0000000000
2 32.0000000000
46 34.0000000000
5002 22.0000000000
evaluations raw_y
1 26.0000000000
3 28.0000000000
5 32.0000000000
31 34.0000000000
5002 24.0000000000
evaluations raw_y
1 26.0000000000
4 30.0000000000
8 34.0000000000
40 36.0000000000
5002 26.0000000000
evaluations raw_y
1 26.0000000000
5 32.0000000000
19 34.0000000000
5002 22.0000000000
evaluations raw_y
1 22.0000000000
2 24.0000000000
4 26.0000000000
7 28.0000000000
29 30.0000000000
2611 32.0000000000
3049 34.0000000000
5002 24.0000000000
evaluations raw_y
1 20.0000000000
2 28.0000000000
9 32.0000000000
1984 34.0000000000
2274 36.0000000000
5002 26.0000000000
evaluations raw_y
1 30.0000000000
5 34.0000000000
2024 36.0000000000
5002 24.0000000000
evaluations raw_y
1 32.0000000000
41 34.0000000000
5002 30.0000000000
evaluations raw_y
1 32.0000000000
5002 18.0000000000
evaluations raw_y
1 18.0000000000
2 26.0000000000
6 30.0000000000
2599 32.0000000000
3903 34.0000000000
5002 24.0000000000
