evaluations raw_y
1 28.0000000000
3 30.0000000000
30 34.0000000000
1242 36.0000000000
3674 38.0000000000
5000 20.0000000000
evaluations raw_y
1 28.0000000000
12 30.0000000000
17 32.0000000000
299 34.0000000000
1357 36.0000000000
5000 26.0000000000
evaluations raw_y
1 26.0000000000
12 32.0000000000
71 34.0000000000
3793 36.0000000000
5000 26.0000000000
evaluations raw_y
1 26.0000000000
4 28.0000000000
5 32.0000000000
40 34.0000000000
518 36.0000000000
5000 28.0000000000
evaluations raw_y
1 22.0000000000
3 24.0000000000
7 26.0000000000
8 30.0000000000
77 32.0000000000
130 34.0000000000
135 40.0000000000
5000 26.0000000000
evaluations raw_y
1 28.0000000000
4 30.0000000000
38 32.0000000000
339 34.0000000000
359 36.0000000000
1970 38.0000000000
5000 26.0000000000
evaluations raw_y
1 30.0000000000
5 32.0000000000
328 34.0000000000
447 36.0000000000
3736 38.0000000000
5000 26.0000000000
evaluations raw_y
1 26.0000000000
3 28.0000000000
6 32.0000000000
18 36.0000000000
5000 18.0000000000
evaluations raw_y
1 22.0000000000
5 26.0000000000
6 32.0000000000
24 34.0000000000
605 36.0000000000
5000 26.0000000000
evaluations raw_y
1 22.0000000000
2 24.0000000000
3 28.0000000000
20 30.0000000000
61 32.0000000000
134 36.0000000000
5000 24.0000000000
evaluations raw_y
1 30.0000000000
15 32.0000000000
61 34.0000000000
554 36.0000000000
4813 38.0000000000
5000 22.0000000000
evaluations raw_y
1 20.0000000000
2 26.0000000000
7 28.0000000000
14 30.0000000000
15 34.0000000000
2666 36.0000000000
4844 38.0000000000
5000 22.0000000000
evaluations raw_y
1 26.0000000000
13 28.0000000000
19 30.0000000000
36 34.0000000000
474 36.0000000000
5000 28.0000000000
evaluations raw_y
1 30.0000000000
53 32.0000000000
201 34.0000000000
1357 36.0000000000
4874 38.0000000000
5000 22.0000000000
evaluations raw_y
1 26.0000000000
2 28.0000000000
10 30.0000000000
16 32.0000000000
201 38.0000000000
5000 24.0000000000
evaluations raw_y
1 28.0000000000
11 30.0000000000
12 32.0000000000
210 34.0000000000
534 36.0000000000
4708 38.0000000000
5000 20.0000000000
evaluations raw_y
1 24.0000000000
2 26.0000000000
4 30.0000000000
51 34.0000000000
866 36.0000000000
3313 38.0000000000
5000 24.0000000000
evaluations raw_y
1 26.0000000000
8 30.0000000000
250 32.0000000000
445 34.0000000000
1837 36.0000000000
5000 22.0000000000
evaluations raw_y
1 32.0000000000
74 34.0000000000
121 36.0000000000
4050 38.0000000000
5000 20.0000000000
evaluations raw_y
1 30.0000000000
3 32.0000000000
125 34.0000000000
1137 36.0000000000
5000 26.0000000000
