evaluations raw_y
1 1.0477787091
2 1.1737089202
3 1.4585764294
44 1.6600265604
67 1.9747235387
71 2.2603978300
604 2.3277467412
697 2.4752475248
774 3.1172069825
1288 3.4626038781
1754 3.6231884058
5004 1.9747235387
evaluations raw_y
1 0.9130752374
4 0.9819324430
5 1.1916110582
7 1.2794268168
11 1.3455328310
13 1.5451174289
31 1.7531556802
50 1.9500780031
60 1.9747235387
67 2.0525451560
95 2.2935779817
114 2.3992322457
249 2.5562372188
640 2.6881720430
682 3.1172069825
1509 3.1806615776
1739 3.3875338753
2284 3.4626038781
2371 3.5410764873
5004 2.1968365554
evaluations raw_y
1 1.0993843448
2 2.0259319287
79 2.1079258010
388 2.1968365554
500 2.3277467412
565 2.4752475248
637 2.5987525988
868 2.6427061311
1129 2.9976019185
1463 3.3156498674
1936 3.3875338753
2142 3.6231884058
2169 4.0983606557
5004 2.1367521368
evaluations raw_y
1 1.0766580534
2 1.2588116818
5 1.3455328310
18 1.4318442153
30 1.4450867052
31 1.6254876463
33 1.8796992481
183 2.1079258010
193 2.2281639929
241 2.3277467412
555 2.3629489603
600 2.6881720430
1224 2.7352297593
1548 3.2467532468
5004 1.8573551263
evaluations raw_y
1 0.6940588562
2 0.7768800497
4 0.8821453776
5 1.4723203769
14 1.5762925599
25 1.7934002869
31 2.3277467412
115 2.5562372188
508 2.7352297593
2008 2.7839643653
2129 3.0562347188
2132 3.1806615776
2204 3.3875338753
5004 2.5150905433
evaluations raw_y
1 1.0204081633
2 1.6254876463
12 1.9500780031
81 2.1079258010
109 2.1968365554
226 2.5987525988
324 2.9976019185
570 3.0562347188
774 3.1172069825
881 3.2467532468
1420 3.3875338753
2291 3.6231884058
4018 3.7993920973
5004 2.3277467412
evaluations raw_y
1 1.3340448239
3 1.4188422247
10 1.5923566879
12 1.7730496454
26 2.0525451560
200 2.0798668885
383 2.1663778163
413 2.1968365554
568 2.3277467412
779 2.4752475248
803 2.5150905433
871 2.7352297593
1305 2.7839643653
1359 2.9411764706
1844 3.1172069825
2692 3.4626038781
4018 3.7091988131
5004 1.4188422247
evaluations raw_y
1 1.2291052114
2 1.4318442153
7 1.5151515152
14 1.7337031900
28 1.9500780031
51 2.3629489603
160 2.4366471735
190 2.7352297593
268 2.9976019185
406 3.0562347188
765 3.1172069825
770 3.3875338753
1092 3.9936102236
5004 2.9976019185
evaluations raw_y
1 1.2487512488
13 1.5762925599
23 1.6425755585
61 1.7146776406
80 1.9500780031
150 2.3992322457
293 2.4752475248
327 2.5150905433
332 2.7352297593
672 2.9976019185
862 3.3875338753
1418 3.6231884058
5004 1.7730496454
evaluations raw_y
1 0.7066139062
2 0.7580351728
3 1.2195121951
7 1.2899896801
14 1.3455328310
21 1.4863258026
22 1.5451174289
39 1.7730496454
65 1.7934002869
76 1.9260400616
85 2.0798668885
332 2.1968365554
602 2.6881720430
895 2.8868360277
1025 2.9976019185
1130 3.1172069825
1169 3.4626038781
3067 3.7091988131
3487 4.2087542088
5004 1.6600265604
evaluations raw_y
1 0.8579272478
3 1.3340448239
4 1.9260400616
24 2.1663778163
155 2.4752475248
181 2.6881720430
542 2.9411764706
2510 2.9976019185
3740 3.1172069825
3974 3.1806615776
4901 3.3875338753
5004 2.6427061311
evaluations raw_y
1 0.8305647841
3 1.5923566879
35 1.6778523490
38 1.7337031900
60 2.0000000000
137 2.0798668885
161 2.1663778163
202 2.2281639929
293 2.2603978300
349 2.3277467412
374 2.3992322457
448 2.4366471735
557 2.6427061311
637 2.7839643653
838 2.9976019185
1119 3.1806615776
1141 3.3875338753
1699 3.6231884058
2373 3.7091988131
2536 3.7993920973
3571 3.8940809969
4838 4.2087542088
5004 2.0798668885
evaluations raw_y
1 1.7337031900
11 1.9260400616
274 2.0525451560
590 2.1079258010
615 2.2935779817
687 2.5987525988
753 2.6427061311
1069 2.8344671202
1332 2.9411764706
2006 3.2467532468
5004 1.6778523490
evaluations raw_y
1 1.0271158587
2 1.1230907457
5 1.2690355330
7 1.4450867052
10 1.5762925599
40 2.0259319287
107 2.3992322457
216 2.5150905433
286 3.2467532468
1085 3.4626038781
2791 3.5410764873
3169 3.7993920973
5004 2.3277467412
evaluations raw_y
1 1.1649580615
3 1.8573551263
90 1.8796992481
198 2.0259319287
229 2.1367521368
279 3.1806615776
809 3.2467532468
1596 3.3156498674
5004 2.0798668885
evaluations raw_y
1 0.8218277449
2 1.1071744907
3 1.1312217195
7 1.4863258026
13 1.6425755585
19 1.6960651289
39 2.2935779817
218 2.3629489603
309 2.5987525988
370 2.6427061311
830 2.8868360277
835 2.9976019185
1368 3.0562347188
2198 3.1172069825
2241 3.3875338753
2913 3.4626038781
4973 4.0983606557
5004 2.3629489603
evaluations raw_y
1 1.3691128149
7 1.6600265604
12 2.1079258010
62 2.3992322457
208 2.4752475248
956 2.8344671202
1843 2.8868360277
1976 3.1172069825
2821 3.2467532468
4587 3.7091988131
5004 2.4366471735
evaluations raw_y
1 1.2195121951
6 1.4450867052
41 1.7730496454
49 1.9025875190
54 2.2281639929
187 2.8344671202
775 2.9976019185
1035 3.2467532468
3085 3.6231884058
5004 2.2281639929
evaluations raw_y
1 1.1649580615
2 1.4585764294
17 1.6254876463
41 1.6960651289
43 1.7337031900
59 1.9025875190
72 1.9747235387
75 2.2281639929
276 2.4366471735
443 2.7352297593
575 3.0562347188
645 3.1172069825
1042 3.2467532468
1520 3.3875338753
1824 3.7091988131
2482 4.0983606557
5004 2.6427061311
evaluations raw_y
1 1.3572204126
4 1.5762925599
20 2.0798668885
52 2.1968365554
137 2.2603978300
442 2.4366471735
556 2.4752475248
728 2.5150905433
732 2.5562372188
770 2.7352297593
850 2.9411764706
970 3.0562347188
1149 3.3156498674
5004 2.8868360277
