evaluations raw_y
1 0.9637625289
2 1.3116474292
5002 0.4363001745
evaluations raw_y
1 0.8771929825
2 1.4060742407
87 1.5451174289
96 1.6087516088
462 1.6254876463
1405 1.7146776406
1423 1.8355359765
1457 1.9747235387
5002 1.2899896801
evaluations raw_y
1 1.2100677638
3 1.6960651289
31 1.7337031900
122 1.7531556802
5002 0.9637625289
evaluations raw_y
1 1.4863258026
5002 0.7002801120
evaluations raw_y
1 1.0841283608
2 1.4585764294
240 1.4863258026
299 1.6254876463
304 1.8796992481
4848 2.1079258010
5002 0.6589351608
evaluations raw_y
1 1.2007684918
2 2.4366471735
4974 2.4752475248
5002 1.3340448239
evaluations raw_y
1 1.1150758252
2 1.3227513228
3 1.4318442153
4 1.6425755585
12 1.7531556802
219 1.9025875190
383 2.0259319287
400 2.2603978300
5002 0.8305647841
evaluations raw_y
1 1.4188422247
612 1.4723203769
1955 1.5762925599
1987 2.0000000000
2190 2.1663778163
5002 0.7543753772
evaluations raw_y
1 0.8722958828
3 1.3455328310
6 1.4723203769
25 1.6960651289
150 1.9260400616
378 2.3277467412
518 2.6427061311
5002 1.7146776406
evaluations raw_y
1 0.8922198430
2 1.1478420569
3 1.2007684918
10 1.4188422247
70 1.5151515152
84 1.6254876463
281 1.6778523490
5002 0.5558025789
evaluations raw_y
1 1.5006002401
246 1.5151515152
247 1.6254876463
611 1.7730496454
1916 1.9747235387
1929 2.0259319287
1934 2.1367521368
2134 2.2281639929
2144 2.2935779817
4156 2.6881720430
5002 0.8922198430
evaluations raw_y
1 0.9944311854
2 1.3227513228
3 1.5006002401
5002 0.4676393565
evaluations raw_y
1 0.8532423208
2 0.9881422925
24 1.0137875101
65 1.0204081633
907 1.2195121951
5002 0.6400409626
evaluations raw_y
1 1.4723203769
2 1.5451174289
709 1.6425755585
5002 0.2444748680
evaluations raw_y
1 1.1649580615
3 1.9500780031
61 2.0525451560
81 2.5150905433
5002 1.1478420569
evaluations raw_y
1 0.6534239415
2 1.4863258026
641 1.5299877601
2036 1.5605493134
5002 0.5022097228
evaluations raw_y
1 1.0137875101
2 1.1312217195
4 1.1649580615
8 1.2588116818
26 1.3572204126
27 1.4060742407
5002 0.5480052609
evaluations raw_y
1 0.5480052609
2 1.1649580615
1722 1.3116474292
1753 1.3227513228
5002 0.7926442613
evaluations raw_y
1 1.6254876463
3 1.8142235123
4 2.0000000000
106 2.1968365554
1787 2.3277467412
3020 2.8868360277
5002 1.1230907457
evaluations raw_y
1 1.2899896801
3 1.3455328310
37 1.4188422247
183 1.4585764294
193 1.4723203769
204 1.5451174289
221 1.8142235123
388 2.2603978300
5002 0.4110489970
