evaluations raw_y
1 1.0477787091
2 1.1737089202
3 1.4585764294
7 1.5451174289
20 1.8355359765
42 1.9747235387
120 2.1079258010
161 2.1367521368
361 2.2281639929
508 2.6427061311
864 2.7352297593
1134 2.8868360277
1370 3.4626038781
2143 3.5410764873
3074 4.0983606557
5012 1.4585764294
evaluations raw_y
1 0.5938242280
2 0.6589351608
3 1.2388503469
4 1.6778523490
18 1.8796992481
26 2.0259319287
72 2.0525451560
134 2.1367521368
428 2.2935779817
691 2.4752475248
1111 2.7839643653
2336 2.8344671202
2662 2.9411764706
4435 3.2467532468
5012 1.4585764294
evaluations raw_y
1 1.4318442153
6 1.5299877601
12 2.0259319287
46 2.0525451560
70 2.1968365554
183 2.2935779817
465 2.4752475248
521 2.6427061311
548 3.3156498674
924 3.3875338753
5012 1.9500780031
evaluations raw_y
1 1.2100677638
4 1.5923566879
16 1.6778523490
34 1.7934002869
116 1.8355359765
157 1.9025875190
202 2.2603978300
252 2.2935779817
403 2.5987525988
551 2.6427061311
600 3.3875338753
1519 4.2087542088
2369 4.3252595156
5012 2.6427061311
evaluations raw_y
1 1.2690355330
3 1.5451174289
6 1.6600265604
17 1.7146776406
19 1.7934002869
26 1.9025875190
46 2.0259319287
191 2.0798668885
305 2.1663778163
427 2.2603978300
807 2.8344671202
1163 3.1172069825
1304 3.1806615776
2148 3.2467532468
3332 3.6231884058
5012 3.3156498674
evaluations raw_y
1 1.3572204126
7 1.9025875190
56 2.0259319287
133 2.0525451560
156 2.1079258010
186 2.1367521368
388 2.2281639929
403 2.5987525988
914 2.8868360277
4115 3.2467532468
5012 2.1079258010
evaluations raw_y
1 1.3572204126
4 1.4188422247
8 1.5923566879
15 1.6425755585
16 1.7934002869
39 2.2603978300
613 2.8868360277
1047 2.9411764706
1050 3.2467532468
1232 3.3156498674
1300 3.7993920973
5012 3.1806615776
evaluations raw_y
1 0.7263219059
3 1.6425755585
13 1.8573551263
79 1.9500780031
98 2.2603978300
115 2.3629489603
806 2.5987525988
858 2.7839643653
1030 2.8868360277
1211 3.2467532468
2096 3.4626038781
5012 3.3875338753
evaluations raw_y
1 1.0993843448
2 1.3935340022
6 1.5605493134
7 1.9025875190
10 2.0798668885
102 2.7839643653
1081 3.1806615776
1666 3.4626038781
3355 3.5410764873
5012 2.1367521368
evaluations raw_y
1 1.4318442153
2 1.6087516088
25 1.6254876463
36 1.9500780031
140 2.1968365554
375 2.5562372188
883 2.6427061311
1030 2.9411764706
1318 2.9976019185
1426 3.2467532468
1489 3.3156498674
2111 3.7091988131
2594 3.9936102236
2953 5.1867219917
5012 2.8868360277
evaluations raw_y
1 1.0271158587
3 2.0259319287
157 2.1079258010
317 2.1663778163
383 2.1968365554
703 2.2281639929
733 2.3629489603
776 2.4752475248
1024 2.5150905433
1033 2.5562372188
1089 2.6881720430
1146 3.0562347188
1662 3.1806615776
2194 3.4626038781
2294 3.5410764873
2440 3.7993920973
3131 3.9936102236
3181 4.2087542088
5012 1.3116474292
evaluations raw_y
1 0.9293680297
4 0.9758001561
5 1.4188422247
8 1.7146776406
11 1.7934002869
20 2.5150905433
845 2.5562372188
955 2.7839643653
1024 2.8344671202
1218 2.8868360277
1389 2.9411764706
1746 3.0562347188
2240 3.3875338753
3674 3.4626038781
5012 2.2603978300
evaluations raw_y
1 0.6453278265
2 1.5299877601
4 1.9500780031
59 2.0000000000
80 2.1367521368
140 2.1968365554
213 2.4366471735
499 2.4752475248
745 2.5562372188
748 2.6427061311
1139 2.7352297593
1505 2.8344671202
2130 3.0562347188
2885 3.2467532468
3445 3.3875338753
3583 3.4626038781
3792 3.7993920973
4493 4.0983606557
5012 3.7091988131
evaluations raw_y
1 1.1478420569
7 1.1916110582
8 1.2007684918
9 1.5605493134
44 1.6254876463
49 2.2935779817
130 2.4366471735
226 2.5562372188
1742 2.6427061311
1930 2.6881720430
2411 2.7352297593
2772 3.0562347188
2889 3.1806615776
3276 3.2467532468
3891 3.5410764873
5012 2.6427061311
evaluations raw_y
1 1.1230907457
4 1.1312217195
12 1.1649580615
14 1.8573551263
268 1.9260400616
281 1.9500780031
318 2.0000000000
405 2.0798668885
510 2.1079258010
553 2.4366471735
662 2.4752475248
2244 2.5987525988
2368 2.9411764706
5012 1.5762925599
evaluations raw_y
1 0.7617306520
2 1.0993843448
3 1.3812154696
8 1.4188422247
26 1.4863258026
47 1.5151515152
67 1.5923566879
79 1.9500780031
155 2.1968365554
390 2.2935779817
645 2.3277467412
654 2.3992322457
905 2.5987525988
1456 2.6881720430
2050 4.0983606557
5012 1.1478420569
evaluations raw_y
1 0.9578544061
2 1.1563367253
3 1.4060742407
4 1.4723203769
6 1.5299877601
12 1.6960651289
24 2.0000000000
26 2.0259319287
90 2.0525451560
132 2.2603978300
464 2.3277467412
653 2.5562372188
785 2.8868360277
1061 2.9411764706
1193 3.1806615776
1514 3.3156498674
2300 3.4626038781
2432 3.6231884058
2679 3.7091988131
5012 3.7091988131
evaluations raw_y
1 1.1916110582
3 1.9260400616
249 1.9500780031
284 2.1968365554
811 2.5562372188
996 2.9411764706
1503 3.0562347188
1515 3.5410764873
5012 1.8355359765
evaluations raw_y
1 1.0766580534
4 1.0917030568
7 1.4188422247
19 1.5299877601
63 1.8142235123
121 1.8796992481
238 2.4366471735
478 2.5150905433
962 2.6881720430
1065 2.7352297593
1299 2.9411764706
1628 3.1172069825
1833 3.1806615776
1887 3.4626038781
2118 3.7091988131
2638 3.7993920973
5012 1.6960651289
evaluations raw_y
1 0.9462528388
2 1.3007284079
3 2.0000000000
51 2.0525451560
149 2.2281639929
159 2.2603978300
321 2.2935779817
552 2.3629489603
720 2.3992322457
880 2.8344671202
1414 2.9976019185
1681 3.3156498674
2086 3.4626038781
3770 3.5410764873
5012 1.7146776406
