evaluations raw_y
1 29.0000000000
6 30.0000000000
14 31.0000000000
15 32.0000000000
16 34.0000000000
40 35.0000000000
45 36.0000000000
102 38.0000000000
113 39.0000000000
140 40.0000000000
143 41.0000000000
151 42.0000000000
183 43.0000000000
187 44.0000000000
303 45.0000000000
1048 46.0000000000
2531 47.0000000000
2564 48.0000000000
10002 41.0000000000
evaluations raw_y
1 22.0000000000
2 24.0000000000
3 28.0000000000
10 29.0000000000
17 30.0000000000
40 31.0000000000
44 32.0000000000
50 33.0000000000
51 34.0000000000
53 35.0000000000
61 36.0000000000
84 37.0000000000
108 38.0000000000
116 40.0000000000
123 41.0000000000
127 42.0000000000
139 43.0000000000
164 44.0000000000
761 46.0000000000
4497 47.0000000000
4508 48.0000000000
10002 41.0000000000
evaluations raw_y
1 24.0000000000
2 25.0000000000
3 28.0000000000
6 29.0000000000
10 30.0000000000
24 31.0000000000
25 32.0000000000
28 33.0000000000
32 34.0000000000
34 35.0000000000
38 36.0000000000
125 37.0000000000
139 38.0000000000
146 39.0000000000
194 40.0000000000
225 41.0000000000
321 42.0000000000
323 43.0000000000
943 44.0000000000
1338 45.0000000000
1369 46.0000000000
1439 47.0000000000
10002 40.0000000000
evaluations raw_y
1 26.0000000000
2 28.0000000000
10 29.0000000000
15 31.0000000000
49 32.0000000000
51 33.0000000000
54 34.0000000000
55 35.0000000000
69 36.0000000000
75 37.0000000000
76 38.0000000000
84 39.0000000000
86 40.0000000000
88 41.0000000000
117 43.0000000000
163 44.0000000000
285 45.0000000000
599 46.0000000000
2201 47.0000000000
4132 48.0000000000
4137 49.0000000000
10002 39.0000000000
evaluations raw_y
1 24.0000000000
2 27.0000000000
3 30.0000000000
5 31.0000000000
8 32.0000000000
15 33.0000000000
16 35.0000000000
28 36.0000000000
33 37.0000000000
54 38.0000000000
62 39.0000000000
90 40.0000000000
105 41.0000000000
119 42.0000000000
128 43.0000000000
146 44.0000000000
183 45.0000000000
246 46.0000000000
347 47.0000000000
5386 48.0000000000
5396 49.0000000000
10002 40.0000000000
evaluations raw_y
1 26.0000000000
5 29.0000000000
17 30.0000000000
20 32.0000000000
27 33.0000000000
32 34.0000000000
44 35.0000000000
58 36.0000000000
65 37.0000000000
67 39.0000000000
135 40.0000000000
136 41.0000000000
141 42.0000000000
143 43.0000000000
185 44.0000000000
838 45.0000000000
1977 46.0000000000
2369 47.0000000000
10002 39.0000000000
evaluations raw_y
1 23.0000000000
2 31.0000000000
13 32.0000000000
26 34.0000000000
42 35.0000000000
64 36.0000000000
67 37.0000000000
87 38.0000000000
88 39.0000000000
101 40.0000000000
103 41.0000000000
119 42.0000000000
159 43.0000000000
247 44.0000000000
326 45.0000000000
2249 46.0000000000
2736 47.0000000000
10002 41.0000000000
evaluations raw_y
1 23.0000000000
2 32.0000000000
8 33.0000000000
20 34.0000000000
43 35.0000000000
51 36.0000000000
55 37.0000000000
64 38.0000000000
73 39.0000000000
78 40.0000000000
162 41.0000000000
163 42.0000000000
217 43.0000000000
245 44.0000000000
362 45.0000000000
1913 46.0000000000
3427 47.0000000000
10002 44.0000000000
evaluations raw_y
1 25.0000000000
3 26.0000000000
6 27.0000000000
7 28.0000000000
12 30.0000000000
13 31.0000000000
18 32.0000000000
19 33.0000000000
27 34.0000000000
41 36.0000000000
43 37.0000000000
48 38.0000000000
118 39.0000000000
131 40.0000000000
137 41.0000000000
253 42.0000000000
264 43.0000000000
289 44.0000000000
307 45.0000000000
310 46.0000000000
2002 47.0000000000
7038 48.0000000000
10002 42.0000000000
evaluations raw_y
1 20.0000000000
2 22.0000000000
3 28.0000000000
6 29.0000000000
7 30.0000000000
9 31.0000000000
43 32.0000000000
46 33.0000000000
62 34.0000000000
83 35.0000000000
98 36.0000000000
110 38.0000000000
151 39.0000000000
174 40.0000000000
193 41.0000000000
206 43.0000000000
221 44.0000000000
236 45.0000000000
309 46.0000000000
345 47.0000000000
10002 37.0000000000
evaluations raw_y
1 24.0000000000
2 25.0000000000
3 28.0000000000
10 30.0000000000
25 32.0000000000
41 33.0000000000
43 35.0000000000
120 36.0000000000
123 37.0000000000
131 39.0000000000
256 40.0000000000
260 41.0000000000
264 42.0000000000
268 43.0000000000
455 44.0000000000
477 45.0000000000
492 46.0000000000
494 47.0000000000
5644 49.0000000000
10002 42.0000000000
evaluations raw_y
1 23.0000000000
2 34.0000000000
6 36.0000000000
9 37.0000000000
20 38.0000000000
22 39.0000000000
26 40.0000000000
31 41.0000000000
57 42.0000000000
86 44.0000000000
414 45.0000000000
994 46.0000000000
1444 47.0000000000
4179 48.0000000000
8388 49.0000000000
10002 42.0000000000
evaluations raw_y
1 27.0000000000
14 28.0000000000
22 31.0000000000
29 32.0000000000
36 33.0000000000
37 34.0000000000
49 36.0000000000
68 38.0000000000
71 39.0000000000
107 40.0000000000
126 41.0000000000
161 42.0000000000
325 44.0000000000
329 45.0000000000
826 46.0000000000
834 47.0000000000
1879 48.0000000000
10002 44.0000000000
evaluations raw_y
1 25.0000000000
3 26.0000000000
12 27.0000000000
13 28.0000000000
16 30.0000000000
19 31.0000000000
22 33.0000000000
49 34.0000000000
53 36.0000000000
73 37.0000000000
88 38.0000000000
91 39.0000000000
116 40.0000000000
171 42.0000000000
484 43.0000000000
487 44.0000000000
577 45.0000000000
598 46.0000000000
694 47.0000000000
7137 48.0000000000
10002 40.0000000000
evaluations raw_y
1 24.0000000000
4 25.0000000000
7 26.0000000000
21 27.0000000000
24 28.0000000000
39 29.0000000000
41 30.0000000000
44 31.0000000000
48 32.0000000000
49 33.0000000000
54 34.0000000000
57 35.0000000000
60 37.0000000000
65 38.0000000000
73 39.0000000000
87 40.0000000000
93 41.0000000000
100 42.0000000000
110 44.0000000000
750 45.0000000000
756 46.0000000000
762 47.0000000000
796 49.0000000000
10002 40.0000000000
evaluations raw_y
1 31.0000000000
10 32.0000000000
14 33.0000000000
27 34.0000000000
42 36.0000000000
58 38.0000000000
103 39.0000000000
120 40.0000000000
138 41.0000000000
150 42.0000000000
157 43.0000000000
174 44.0000000000
178 45.0000000000
208 46.0000000000
215 47.0000000000
1659 48.0000000000
10002 42.0000000000
evaluations raw_y
1 23.0000000000
3 25.0000000000
11 26.0000000000
17 27.0000000000
20 29.0000000000
22 30.0000000000
40 32.0000000000
43 33.0000000000
49 34.0000000000
58 35.0000000000
76 36.0000000000
95 37.0000000000
102 38.0000000000
110 39.0000000000
122 40.0000000000
215 41.0000000000
217 42.0000000000
263 43.0000000000
400 44.0000000000
405 45.0000000000
449 46.0000000000
1505 47.0000000000
1508 48.0000000000
10002 42.0000000000
evaluations raw_y
1 24.0000000000
3 29.0000000000
6 31.0000000000
12 32.0000000000
17 33.0000000000
19 34.0000000000
28 35.0000000000
39 36.0000000000
85 37.0000000000
88 38.0000000000
110 39.0000000000
138 40.0000000000
139 41.0000000000
148 42.0000000000
157 43.0000000000
287 44.0000000000
288 45.0000000000
845 46.0000000000
4126 47.0000000000
4180 48.0000000000
10002 38.0000000000
evaluations raw_y
1 20.0000000000
2 27.0000000000
9 28.0000000000
11 29.0000000000
19 31.0000000000
29 32.0000000000
39 34.0000000000
45 35.0000000000
48 36.0000000000
62 37.0000000000
72 38.0000000000
109 39.0000000000
135 40.0000000000
142 41.0000000000
154 44.0000000000
159 45.0000000000
173 46.0000000000
1074 47.0000000000
5831 49.0000000000
10002 39.0000000000
evaluations raw_y
1 28.0000000000
2 30.0000000000
21 32.0000000000
25 33.0000000000
35 36.0000000000
57 37.0000000000
61 38.0000000000
66 39.0000000000
83 41.0000000000
236 42.0000000000
238 43.0000000000
244 44.0000000000
276 45.0000000000
284 46.0000000000
1994 47.0000000000
2105 48.0000000000
2117 49.0000000000
10002 42.0000000000
